0.00125122 0.563568 | 0
0.193298 0.808716 | 0
0.584991 0.479858 | 1
0.350281 0.895935 | 0
0.822815 0.746582 | 1
0.174103 0.858917 | 0
0.71048 0.513519 | 1
0.303986 0.0149841 | 1
0.0914001 0.364441 | 0
0.147308 0.165894 | 0
0.988495 0.445679 | 1
0.11908 0.00466919 | 1
0.00891113 0.377869 | 0
0.531647 0.571167 | 0
0.601746 0.607147 | 0
0.166229 0.663025 | 0
0.450775 0.352112 | 1
0.0570374 0.607666 | 0
0.783295 0.802582 | 0
0.519867 0.301941 | 1
0.875946 0.726654 | 1
0.955872 0.92569 | 1
0.539337 0.142334 | 1
0.462067 0.235321 | 1
0.862213 0.209595 | 1
0.779633 0.843628 | 0
0.996765 0.999664 | 0
0.611481 0.392426 | 1
0.266205 0.297272 | 0
0.840118 0.0237427 | 1
0.375854 0.0926208 | 1
0.677185 0.0562134 | 1
0.00878906 0.918762 | 0
0.275879 0.272888 | 1
0.587891 0.691162 | 0
0.837585 0.726471 | 1
0.484924 0.205353 | 1
0.743713 0.468445 | 1
0.457947 0.949127 | 0
0.744415 0.108276 | 1
0.59903 0.385223 | 1
0.734985 0.608948 | 1
0.572388 0.361328 | 1
0.15155 0.225098 | 0
0.42514 0.802856 | 0
0.51709 0.98996 | 0
0.751526 0.345551 | 1
0.168976 0.657288 | 0
0.491882 0.0635376 | 1
0.699738 0.504791 | 1
0.147491 0.949554 | 0
0.141571 0.90509 | 0
0.692871 0.30304 | 1
0.426544 0.0703735 | 1
0.966583 0.683167 | 1
0.153229 0.877228 | 0
0.821655 0.582031 | 1
0.191345 0.177887 | 1
0.817169 0.47525 | 1
0.155548 0.503906 | 0
0.731995 0.405579 | 1
0.279572 0.568726 | 0
0.68222 0.755829 | 0
0.721893 0.475281 | 1
0.123016 0.367798 | 0
0.834656 0.0350952 | 1
0.516998 0.662964 | 0
0.426208 0.104675 | 1
0.94931 0.921356 | 1
0.54953 0.345978 | 1
0.47171 0.374969 | 1
0.846954 0.316864 | 1
0.456085 0.271881 | 1
0.982941 0.297791 | 1
0.739166 0.567261 | 1
0.195984 0.761292 | 0
0.839417 0.397644 | 1
0.500885 0.890137 | 0
0.0274658 0.994598 | 0
0.572571 0.0505066 | 1
0.531311 0.194061 | 1
0.843018 0.62674 | 1
0.657593 0.197845 | 1
0.842133 0.123322 | 1
0.109924 0.743103 | 0
0.314056 0.94104 | 0
0.286072 0.336304 | 0
0.140259 0.733063 | 0
0.834595 0.707977 | 1
0.60022 0.747192 | 0
0.252716 0.14447 | 1
0.00161743 0.0610046 | 0
0.806213 0.8526 | 0
0.210571 0.115601 | 1
0.553192 0.0142517 | 1
0.11377 0.454498 | 0
0.752197 0.686127 | 1
0.543427 0.0738831 | 1
0.436707 0.201935 | 1
0.696198 0.290344 | 1
0.436676 0.232422 | 1
0.57785 0.532562 | 1
0.628662 0.160187 | 1
0.50412 0.963013 | 0
0.69574 0.924774 | 0
0.189941 0.335938 | 0
0.178345 0.995148 | 0
0.457428 0.997986 | 0
0.0975037 0.625153 | 0
0.0943909 0.437714 | 0
0.931488 0.0484314 | 1
0.894592 0.290009 | 1
0.227295 0.769043 | 0
0.410706 0.201965 | 1
0.628052 0.604126 | 1
0.451599 0.466339 | 0
0.597809 0.634705 | 0
0.854767 0.828766 | 1
0.624756 0.720886 | 0
0.565735 0.375122 | 1
0.184265 0.737885 | 0
0.555115 0.90506 | 0
0.242859 0.188934 | 1
0.604706 0.698486 | 0
0.584595 0.351288 | 1
0.494446 0.0803833 | 1
0.740723 0.61203 | 1
0.620361 0.691101 | 0
0.804504 0.149109 | 1
0.576019 0.867706 | 0
0.91153 0.614685 | 1
0.727661 0.0432129 | 1
0.667755 0.976501 | 0
0.315002 0.569183 | 0
0.305817 0.17392 | 1
0.108551 0.869019 | 0
0.851196 0.744293 | 1
0.154877 0.326904 | 0
0.0793457 0.0765991 | 1
0.640961 0.819977 | 0
0.545074 0.448242 | 1
0.408966 0.298737 | 1
0.465546 0.50119 | 0
0.152649 0.323029 | 0
0.737976 0.313873 | 1
0.82666 0.959045 | 0
0.873322 0.725006 | 1
0.300049 0.94397 | 0
0.127228 0.0657349 | 1
0.784943 0.524567 | 1
0.609619 0.956085 | 0
0.0722656 0.87561 | 0
0.653839 0.322113 | 1
0.104797 0.505035 | 0
0.227081 0.290283 | 0
0.919952 0.551147 | 1
0.662781 0.114532 | 1
0.492523 0.37912 | 1
0.496796 0.793335 | 0
0.509247 0.382355 | 1
0.688141 0.532135 | 1
0.606262 0.395172 | 1
0.00588989 0.707855 | 0
0.100616 0.623047 | 0
0.86322 0.491486 | 1
0.747314 0.496887 | 1
0.380096 0.785339 | 0
0.552795 0.357086 | 1
0.955688 0.630829 | 1
0.176575 0.374237 | 0
0.131622 0.743256 | 0
0.951691 0.611969 | 1
0.027832 0.329834 | 0
0.0559082 0.639191 | 0
0.131622 0.847046 | 0
0.864288 0.596863 | 1
0.721619 0.853943 | 0
0.014679 0.126465 | 0
0.707886 0.617126 | 1
0.21756 0.0659485 | 1
0.168915 0.624084 | 0
0.340973 0.319397 | 1
0.367554 0.66098 | 0
0.802368 0.806854 | 0
0.52652 0.611084 | 0
0.798157 0.900574 | 0
0.144806 0.630157 | 0
0.402405 0.253693 | 1
0.136536 0.855164 | 0
0.0661621 0.427795 | 0
0.573334 0.302277 | 1
0.548035 0.225555 | 1
0.31134 0.110626 | 1
0.808014 0.134705 | 1
0.284241 0.788086 | 0
0.895203 0.789612 | 1
0.743774 0.615204 | 1
0.361115 0.856628 | 0
0.228485 0.863556 | 0
0.229431 0.249542 | 0
0.542389 0.984802 | 0
0.0538025 0.0814209 | 0
0.524658 0.426788 | 1
0.0946655 0.258789 | 0
0.89151 0.232758 | 1
0.146545 0.125092 | 1
0.93161 0.0801086 | 1
0.0470886 0.0587158 | 0
0.336395 0.914673 | 0
0.39859 0.43277 | 0
0.946136 0.837158 | 1
0.53421 0.842072 | 0
0.693512 0.397675 | 1
0.259155 0.0043335 | 1
0.525574 0.954773 | 0
0.398682 0.241089 | 1
0.585541 0.255127 | 1
0.68399 0.945251 | 0
0.435486 0.890198 | 0
0.00717163 0.940948 | 0
0.601532 0.786133 | 0
0.57666 0.142426 | 1
0.222321 0.382996 | 0
0.00427246 0.417908 | 0
0.0822449 0.659912 | 0
0.855072 0.0648499 | 1
0.811035 0.662048 | 1
0.691467 0.802673 | 0
0.530121 0.685608 | 0
0.142761 0.689484 | 0
0.727875 0.77771 | 0
0.0310669 0.868652 | 0
0.644501 0.706543 | 0
0.0854492 0.551971 | 0
0.947876 0.0587769 | 1
0.274963 0.145172 | 1
0.98175 0.619965 | 1
0.292236 0.922455 | 0
0.367523 0.694519 | 0
0.218628 0.155914 | 1
0.24054 0.521423 | 0
0.902252 0.106415 | 1
0.902618 0.441711 | 1
0.0801086 0.782074 | 0
0.171783 0.974365 | 0
0.775848 0.870361 | 0
0.210632 0.456604 | 0
0.00375366 0.75061 | 0
0.114044 0.404694 | 0
0.311127 0.992584 | 0
0.0385742 0.252075 | 0
0.18927 0.247681 | 0
0.153503 0.6203 | 0
0.885345 0.939056 | 0
0.195648 0.779633 | 0
0.645538 0.656738 | 0
0.909119 0.455444 | 1
0.921265 0.664154 | 1
0.150757 0.636322 | 0
0.569519 0.422028 | 1
0.942993 0.540558 | 1
0.578552 0.536438 | 1
0.25528 0.396942 | 0
0.35025 0.0366211 | 1
0.795227 0.196503 | 1
0.070282 0.389404 | 0
0.590729 0.0709229 | 1
0.197662 0.155884 | 1
0.644318 0.454315 | 1
0.604279 0.697327 | 0
0.441284 0.684448 | 0
0.396515 0.835693 | 0
0.592194 0.199585 | 1
0.949432 0.875977 | 1
0.391693 0.987427 | 0
0.185303 0.895691 | 0
0.574432 0.442047 | 1
0.627319 0.708496 | 0
0.0496216 0.285553 | 0
0.260193 0.407623 | 0
0.895294 0.710175 | 1
0.728424 0.896027 | 0
0.393555 0.3974 | 0
0.903839 0.308594 | 1
0.388092 0.570557 | 0
0.353546 0.733673 | 0
0.745331 0.736359 | 1
0.73941 0.139313 | 1
0.200165 0.272583 | 0
0.68042 0.911102 | 0
0.367828 0.517639 | 0
0.109375 0.90741 | 0
0.203064 0.517944 | 0
0.654816 0.438507 | 1
0.687622 0.0904236 | 1
0.0795593 0.0757751 | 1
0.0278015 0.355072 | 0
0.30722 0.697266 | 0
0.14267 0.394836 | 0
0.0678406 0.67572 | 0
0.724915 0.1987 | 1
0.694 0.615692 | 1
0.654877 0.543976 | 1
0.0982971 0.545349 | 0
0.0496216 0.974548 | 0
0.46402 0.96994 | 0
0.727844 0.530945 | 1
0.679901 0.69278 | 0
0.372101 0.388611 | 0
0.0499573 0.809753 | 0
0.169556 0.0608215 | 1
0.310547 0.784454 | 0
0.212463 0.321899 | 0
0.48465 0.00915527 | 1
0.43985 0.507843 | 0
0.605927 0.758514 | 0
0.401062 0.349792 | 1
0.842621 0.942291 | 0
0.623291 0.997253 | 0
0.0534668 0.562836 | 0
0.863525 0.386749 | 1
0.306396 0.28421 | 1
0.0267029 0.612549 | 0
0.391174 0.0186157 | 1
0.0310364 0.455688 | 0
0.85791 0.936737 | 0
0.401886 0.727264 | 0
0.611572 0.80835 | 0
0.875397 0.582581 | 1
0.595001 0.07901 | 1
0.793152 0.462189 | 1
0.590607 0.589417 | 1
0.569183 0.81604 | 0
0.672729 0.343567 | 1
0.0102234 0.267303 | 0
0.341553 0.232086 | 1
0.770996 0.371735 | 1
0.869843 0.116852 | 1
0.725555 0.628906 | 1
0.893921 0.183014 | 1
0.535553 0.901978 | 0
0.78006 0.965179 | 0
0.197357 0.90152 | 0
0.797394 0.953369 | 0
0.848785 0.89032 | 0
0.628693 0.185455 | 1
0.616913 0.264984 | 1
0.250641 0.732178 | 0
0.788086 0.170929 | 1
0.713867 0.480927 | 1
0.0814819 0.806519 | 0
0.855316 0.124634 | 1
0.307465 0.573303 | 0
0.472961 0.762024 | 0
0.191864 0.727753 | 0
0.994995 0.0153503 | 1
0.647614 0.69162 | 0
0.174133 0.072113 | 1
0.274963 0.676605 | 0
0.838898 0.556641 | 1
0.371216 0.77948 | 0
0.232513 0.638214 | 0
0.231659 0.20459 | 1
0.971008 0.281738 | 1
0.0228882 0.769196 | 0
0.151825 0.0469666 | 1
0.00924683 0.348572 | 0
0.64386 0.343231 | 1
0.414551 0.416504 | 0
0.0906677 0.545166 | 0
0.699249 0.337982 | 1
0.657501 0.876221 | 0
0.535461 0.570007 | 0
0.0539856 0.465759 | 0
0.259979 0.426788 | 0
0.863312 0.486572 | 1
0.0874329 0.565796 | 0
0.709381 0.778442 | 0
0.864197 0.850525 | 1
0.292999 0.864349 | 0
0.644897 0.746826 | 0
0.828613 0.765594 | 1
0.871887 0.908295 | 0
0.912506 0.521942 | 1
0.440155 0.107635 | 1
0.354004 0.823029 | 0
0.427704 0.16983 | 1
0.000854492 0.65744 | 0
0.773529 0.0637207 | 1
0.0898132 0.385651 | 0
0.683868 0.807587 | 0
0.154083 0.142853 | 1
0.0484619 0.34613 | 0
0.0185547 0.978394 | 0
0.647614 0.0536499 | 1
0.914124 0.637451 | 1
0.431702 0.0210571 | 1
0.242584 0.391937 | 0
0.653992 0.78186 | 0
0.0228271 0.826019 | 0
0.138428 0.634247 | 0
0.550385 0.983459 | 0
0.463409 0.214783 | 1
0.30069 0.782135 | 0
0.342529 0.480591 | 0
0.608002 0.102509 | 1
0.984406 0.755798 | 1
0.150879 0.45639 | 0
0.711609 0.998718 | 0
0.775482 0.641632 | 1
0.621185 0.946075 | 0
0.688141 0.289795 | 1
0.567139 0.290375 | 1
0.548218 0.712341 | 0
0.246429 0.546661 | 0
0.492615 0.952026 | 0
0.6698 0.765137 | 0
0.623352 0.44574 | 1
0.798737 0.745514 | 1
0.988892 0.20462 | 1
0.629456 0.90979 | 0
0.591278 0.918365 | 0
0.505524 0.48938 | 1
0.449707 0.889313 | 0
0.940369 0.182922 | 1
0.251953 0.203003 | 1
0.730469 0.941101 | 0
0.625061 0.0413513 | 1
0.641327 0.0345154 | 1
0.556335 0.544464 | 1
0.44632 0.0613708 | 1
0.996002 0.127747 | 1
0.600891 0.050354 | 1
0.172791 0.660217 | 0
0.332428 0.315948 | 1
0.653564 0.410522 | 1
0.42749 0.221619 | 1
0.678497 0.166443 | 1
0.497528 0.507629 | 0
0.802704 0.435059 | 1
0.0045166 0.339478 | 0
0.375885 0.128571 | 1
0.827301 0.733276 | 1
0.891113 0.643311 | 1
0.650574 0.514465 | 1
0.733948 0.737152 | 0
0.957062 0.46582 | 1
0.363251 0.112183 | 1
0.904633 0.821198 | 1
0.454773 0.108673 | 1
0.869415 0.761353 | 1
0.0391235 0.416656 | 0
0.936096 0.067749 | 1
0.164856 0.211273 | 0
0.116913 0.591095 | 0
0.118347 0.618256 | 0
0.580078 0.690277 | 0
0.731537 0.915619 | 0
0.669708 0.298492 | 1
0.808838 0.378174 | 1
0.997467 0.772491 | 1
0.204407 0.170563 | 1
0.388245 0.181213 | 1
0.580963 0.195618 | 1
0.960114 0.190247 | 1
0.381714 0.303986 | 1
0.120819 0.198151 | 0
0.0462341 0.771149 | 0
0.761017 0.881012 | 0
0.00177002 0.448608 | 0
0.426361 0.801514 | 0
0.461334 0.494843 | 0
0.749359 0.238495 | 1
0.559387 0.0927429 | 1
0.921997 0.893799 | 1
0.856995 0.0596313 | 1
0.490875 0.632019 | 0
0.747192 0.756042 | 0
0.255737 0.909882 | 0
0.791962 0.199615 | 1
0.552826 0.051239 | 1
0.522156 0.790344 | 0
0.704132 0.0240479 | 1
0.73172 0.553345 | 1
0.914185 0.875519 | 1
0.796906 0.30542 | 1
0.394928 0.481873 | 0
0.0525818 0.651947 | 0
0.000854492 0.768555 | 0
0.756165 0.219727 | 1
0.154755 0.0575256 | 1
0.670593 0.0326843 | 1
0.345856 0.697845 | 0
0.798126 0.436249 | 1
0.981689 0.635529 | 1
0.295288 0.476959 | 0
0.874329 0.0792847 | 1
0.100983 0.143219 | 0
0.143005 0.917969 | 0
0.308716 0.37381 | 0
0.813812 0.0466309 | 1
0.814178 0.23999 | 1
0.897858 0.2565 | 1
0.269348 0.208008 | 1
0.22937 0.84613 | 0
0.874817 0.887665 | 0
0.844757 0.609253 | 1
0.0408936 0.173523 | 0
0.183746 0.355896 | 0
0.449249 0.185059 | 1
0.89444 0.623016 | 1
0.546326 0.911652 | 0
0.522583 0.730621 | 0
0.999298 0.969299 | 1
0.867401 0.840179 | 1
0.146667 0.37439 | 0
0.284363 0.170959 | 1
0.973724 0.741791 | 1
0.716583 0.0308838 | 1
0.64502 0.812683 | 0
0.735901 0.818146 | 0
0.124634 0.718872 | 0
0.375061 0.649811 | 0
0.915405 0.889648 | 1
0.0321655 0.773468 | 0
0.448853 0.00756836 | 1
0.228607 0.418457 | 0
0.156586 0.919006 | 0
0.501678 0.242859 | 1
0.754456 0.906494 | 0
0.21347 0.0321045 | 1
0.771149 0.228241 | 1
0.55658 0.806366 | 0
0.85199 0.331604 | 1
0.53891 0.99176 | 0
0.869324 0.646851 | 1
0.227722 0.812775 | 0
0.371033 0.366882 | 1
0.0349731 0.561279 | 0
0.397858 0.119781 | 1
0.324921 0.898987 | 0
0.201477 0.940155 | 0
0.125061 0.849304 | 0
0.893921 0.445557 | 1
0.222107 0.634735 | 0
0.560059 0.624023 | 0
0.423645 0.0164795 | 1
0.864105 0.139618 | 1
0.267395 0.291962 | 0
0.681641 0.561432 | 1
0.958801 0.607208 | 1
0.788208 0.422699 | 1
0.818359 0.739441 | 1
0.135773 0.51651 | 0
0.0200806 0.00698853 | 1
0.748291 0.333862 | 1
0.9021 0.46225 | 1
0.767883 0.0505066 | 1
0.630951 0.0241699 | 1
0.682404 0.969055 | 0
0.500427 0.70636 | 0
0.26593 0.822327 | 0
0.646606 0.597198 | 1
0.263611 0.844208 | 0
0.460052 0.748138 | 0
0.351593 0.0144958 | 1
0.476532 0.626465 | 0
0.40387 0.383606 | 1
0.0276184 0.288818 | 0
0.596832 0.88385 | 0
0.432159 0.931519 | 0
0.382965 0.533112 | 0
0.0100708 0.974213 | 0
0.865173 0.437408 | 1
0.699615 0.332947 | 1
0.602325 0.498535 | 1
0.559601 0.0390015 | 1
0.378204 0.233032 | 1
0.937317 0.859497 | 1
0.964081 0.608795 | 1
0.583954 0.0764465 | 1
0.407013 0.305298 | 1
0.498566 0.0800476 | 1
0.874756 0.30426 | 1
0.781494 0.932861 | 0
0.588409 0.216217 | 1
0.279297 0.560699 | 0
0.87439 0.250061 | 1
0.301392 0.727112 | 0
0.866577 0.231079 | 1
0.190704 0.446777 | 0
0.89032 0.57431 | 1
0.0287781 0.995209 | 0
0.0592346 0.619171 | 0
0.256927 0.16983 | 1
0.116119 0.231476 | 0
0.494873 0.959778 | 0
0.0492859 0.0796204 | 0
0.337646 0.279724 | 1
0.515533 0.49054 | 1
0.412262 0.924683 | 0
0.601044 0.292145 | 1
0.475739 0.401642 | 1
0.951294 0.54834 | 1
0.8349 0.794403 | 1
0.801636 0.592834 | 1
0.870056 0.318054 | 1
0.939148 0.267914 | 1
0.943298 0.71875 | 1
0.127625 0.774872 | 0
0.47287 0.175903 | 1
0.0266724 0.041626 | 0
0.454773 0.862274 | 0
0.136108 0.0144653 | 1
0.212769 0.818512 | 0
0.79718 0.779633 | 1
0.658478 0.298737 | 1
0.781403 0.921478 | 0
0.842102 0.242615 | 1
0.498749 0.0230103 | 1
0.0757141 0.0308838 | 1
0.356201 0.715302 | 0
0.40979 0.18042 | 1
0.297913 0.182098 | 1
0.744873 0.134735 | 1
0.0582275 0.525604 | 0
0.358856 0.806702 | 0
0.158813 0.899841 | 0
0.131805 0.0292358 | 1
0.181427 0.818054 | 0
0.249207 0.570679 | 0
0.346893 0.539917 | 0
0.664886 0.870728 | 0
0.932495 0.945251 | 0
0.105194 0.153229 | 0
0.557953 0.800232 | 0
0.895111 0.0725098 | 1
0.872284 0.822388 | 1
0.388275 0.548767 | 0
0.671936 0.450928 | 1
0.281372 0.949432 | 0
0.982117 0.728027 | 1
0.594788 0.272369 | 1
0.131958 0.197937 | 0
0.600494 0.487335 | 1
0.355316 0.229919 | 1
0.478424 0.691772 | 0
0.94812 0.671112 | 1
0.982544 0.237518 | 1
0.51355 0.235809 | 1
0.89801 0.484344 | 1
0.326447 0.537476 | 0
0.57077 0.336517 | 1
0.348145 0.16922 | 1
0.290161 0.219269 | 1
0.922791 0.739655 | 1
0.806976 0.650421 | 1
0.686676 0.270081 | 1
0.766846 0.0644226 | 1
0.721741 0.859039 | 0
0.341553 0.0443726 | 1
0.484283 0.0207825 | 1
0.838165 0.6185 | 1
0.540558 0.604034 | 0
0.568665 0.777344 | 0
0.640015 0.696716 | 0
0.759918 0.867981 | 0
0.15799 0.423492 | 0
0.786438 0.0214233 | 1
0.438354 0.0421448 | 1
0.506287 0.269257 | 1
0.0682678 0.244843 | 0
0.982025 0.506439 | 1
0.615509 0.0710144 | 1
0.367493 0.955505 | 0
0.860046 0.337463 | 1
0.241882 0.28952 | 0
0.0509644 0.992676 | 0
0.172455 0.0689087 | 1
0.220123 0.300903 | 0
0.786835 0.649597 | 1
0.0836792 0.262756 | 0
0.136475 0.217529 | 0
0.562561 0.178253 | 1
0.632263 0.106903 | 1
0.453705 0.75882 | 0
0.333801 0.0574036 | 1
0.282501 0.694275 | 0
0.87323 0.567566 | 1
0.868469 0.0812073 | 1
0.79538 0.999634 | 0
0.634979 0.618835 | 1
0.594757 0.593109 | 1
0.194244 0.978851 | 0
0.231506 0.0422974 | 1
0.239044 0.255127 | 0
0.406799 0.794922 | 0
0.272461 0.900024 | 0
0.379425 0.727539 | 0
0.206482 0.052948 | 1
0.604553 0.353973 | 1
0.361237 0.668091 | 0
0.976013 0.223633 | 1
0.895752 0.346954 | 1
0.953491 0.6651 | 1
0.20166 0.282349 | 0
0.355438 0.531982 | 0
0.290985 0.219971 | 1
0.0996094 0.10672 | 0
0.70932 0.843781 | 0
0.671844 0.819122 | 0
0.00576782 0.491333 | 0
0.604614 0.935303 | 0
0.290619 0.605804 | 0
0.746887 0.87381 | 0
0.912201 0.830078 | 1
0.605896 0.304871 | 1
0.78421 0.150116 | 1
0.542603 0.689026 | 0
0.394623 0.993164 | 0
0.101929 0.411591 | 0
0.0274353 0.687408 | 0
0.258881 0.169006 | 1
0.228638 0.188995 | 1
0.862183 0.763275 | 1
0.0476074 0.483215 | 0
0.0561523 0.961212 | 0
0.0849915 0.56546 | 0
0.962524 0.573883 | 1
0.878632 0.408691 | 1
0.403137 0.413483 | 0
0.658508 0.823334 | 0
0.94516 0.283112 | 1
0.00222778 0.616241 | 0
0.0494385 0.656036 | 0
0.421936 0.954468 | 0
0.603943 0.200867 | 1
0.414368 0.340546 | 1
0.623108 0.80838 | 0
0.00485229 0.105255 | 0
0.394409 0.276855 | 1
0.316772 0.824219 | 0
0.853485 0.311523 | 1
0.197662 0.564667 | 0
0.469055 0.995087 | 0
0.433228 0.368469 | 1
0.418762 0.384857 | 1
0.580414 0.877716 | 0
0.337402 0.393372 | 0
0.951019 0.509125 | 1
0.418579 0.608276 | 0
0.776733 0.0836487 | 1
0.151184 0.207916 | 0
0.0873413 0.317261 | 0
0.471802 0.62912 | 0
0.332764 0.0793152 | 1
0.614502 0.142822 | 1
0.280701 0.824951 | 0
0.439056 0.994385 | 0
0.220947 0.10733 | 1
0.518982 0.264587 | 1
0.00735474 0.576233 | 0
0.770538 0.107513 | 1
0.969177 0.369415 | 1
0.903961 0.521698 | 1
0.222656 0.302612 | 0
0.478455 0.310608 | 1
0.414398 0.764709 | 0
0.841583 0.389099 | 1
0.42746 0.724152 | 0
0.734894 0.0914001 | 1
0.0817261 0.753052 | 0
0.846954 0.637787 | 1
0.359619 0.475006 | 0
0.0943909 0.415283 | 0
0.188354 0.343109 | 0
0.913361 0.229309 | 1
0.310303 0.154266 | 1
0.341522 0.182281 | 1
0.272278 0.205933 | 1
0.172455 0.335266 | 0
0.0654297 0.501892 | 0
0.963654 0.809235 | 1
0.446442 0.912964 | 0
0.17926 0.481903 | 0
0.472076 0.699219 | 0
0.248596 0.936676 | 0
0.277435 0.29953 | 0
0.822418 0.819611 | 1
0.629883 0.795044 | 0
0.00720215 0.260956 | 0
0.28952 0.952942 | 0
0.859436 0.517426 | 1
0.707489 0.256165 | 1
0.921021 0.491241 | 1
0.0935364 0.825958 | 0
0.0766907 0.282623 | 0
0.38385 0.64325 | 0
0.515076 0.431519 | 1
0.140717 0.974945 | 0
0.0746155 0.00518799 | 1
0.914764 0.411652 | 1
0.75531 0.187653 | 1
0.101715 0.423126 | 0
0.677917 0.527405 | 1
0.824188 0.837158 | 0
0.271484 0.499481 | 0
0.870422 0.148987 | 1
0.970764 0.538361 | 1
0.220673 0.0667419 | 1
0.20462 0.197723 | 1
0.192902 0.199524 | 0
0.956757 0.593475 | 1
0.73877 0.294373 | 1
0.67981 0.786102 | 0
0.921295 0.928406 | 0
0.844299 0.258972 | 1
0.105438 0.0618896 | 1
0.903748 0.148315 | 1
0.892731 0.359406 | 1
0.956665 0.381561 | 1
0.331451 0.68454 | 0
0.887512 0.380096 | 1
0.433258 0.674622 | 0
0.26709 0.482819 | 0
0.527832 0.802032 | 0
0.794098 0.746307 | 1
0.486664 0.827759 | 0
0.559021 0.278778 | 1
0.347168 0.0541382 | 1
0.911224 0.762878 | 1
0.368469 0.282379 | 1
0.211243 0.324554 | 0
0.0501404 0.881592 | 0
0.24881 0.403809 | 0
0.144867 0.875244 | 0
0.608093 0.78363 | 0
0.196838 0.451691 | 0
0.761749 0.433319 | 1
0.636444 0.804535 | 0
0.174438 0.322662 | 0
0.963165 0.709381 | 1
0.19754 0.862854 | 0
0.0473022 0.743195 | 0
0.0360413 0.130829 | 0
0.0823669 0.552673 | 0
0.568939 0.53299 | 1
0.218872 0.077179 | 1
0.304596 0.0644531 | 1
0.411255 0.133698 | 1
0.251678 0.820618 | 0
0.508759 0.268707 | 1
0.987915 0.916504 | 1
0.121735 0.284424 | 0
0.70694 0.470917 | 1
0.294739 0.344635 | 0
0.525085 0.811096 | 0
0.517212 0.0673218 | 1
0.829193 0.554382 | 1
0.103638 0.509552 | 0
0.946655 0.723083 | 1
0.473907 0.451294 | 1
0.918854 0.548828 | 1
0.365265 0.884338 | 0
0.659698 0.122528 | 1
0.507385 0.112427 | 1
0.279785 0.546448 | 0
0.79126 0.369171 | 1
0.858093 0.744324 | 1
0.463837 0.35965 | 1
0.442078 0.585907 | 0
0.379028 0.632019 | 0
0.557587 0.482574 | 1
0.836639 0.185699 | 1
0.00970459 0.109253 | 0
0.0406189 0.221771 | 0
0.255951 0.410278 | 0
0.707581 0.442719 | 1
0.133057 0.544037 | 0
0.85675 0.80661 | 1
0.218262 0.923798 | 0
0.313354 0.143219 | 1
0.606842 0.0102844 | 1
0.955536 0.537231 | 1
0.386871 0.0123901 | 1
0.237061 0.885681 | 0
0.592438 0.152588 | 1
0.0165405 0.535187 | 0
0.916687 0.65271 | 1
0.224457 0.405548 | 0
0.96579 0.0970764 | 1
0.399567 0.506104 | 0
0.335297 0.3284 | 1
0.625397 0.250763 | 1
0.289948 0.533508 | 0
0.898651 0.478058 | 1
0.328156 0.674561 | 0
0.460327 0.582733 | 0
0.41275 0.922272 | 0
0.120972 0.664703 | 0
0.148682 0.247375 | 0
0.111572 0.10202 | 1
0.689484 0.826416 | 0
0.490723 0.453735 | 1
0.653412 0.418488 | 1
0.639893 0.0992126 | 1
0.830566 0.368622 | 1
0.87793 0.52002 | 1
0.96225 0.394684 | 1
0.725677 0.630585 | 1
0.374115 0.813385 | 0
0.852539 0.0639343 | 1
0.743561 0.362366 | 1
0.235596 0.818939 | 0
0.783691 0.273926 | 1
0.563202 0.174713 | 1
0.124237 0.75708 | 0
0.413788 0.279419 | 1
0.170959 0.544189 | 0
0.241241 0.318604 | 0
0.225067 0.65802 | 0
0.698395 0.670227 | 1
0.643311 0.0560303 | 1
0.329498 0.952209 | 0
0.320679 0.307617 | 1
0.162964 0.36853 | 0
0.276428 0.96109 | 0
0.236206 0.260803 | 0
0.624817 0.756012 | 0
0.582794 0.270996 | 1
0.712128 0.337891 | 1
0.714111 0.0215759 | 1
0.700531 0.630676 | 1
0.126373 0.719849 | 0
0.38089 0.523926 | 0
0.864105 0.591919 | 1
0.495148 0.0307922 | 1
0.671753 0.553467 | 1
0.349579 0.572571 | 0
0.764252 0.022644 | 1
0.000640869 0.546936 | 0
0.748047 0.282227 | 1
0.794006 0.835205 | 0
0.723785 0.296448 | 1
0.538635 0.405579 | 1
0.101776 0.389374 | 0
0.0967102 0.668182 | 0
0.161835 0.690918 | 0
0.670746 0.738495 | 0
0.888214 0.756561 | 1
0.569489 0.264923 | 1
0.11145 0.26712 | 0
0.733429 0.977448 | 0
0.487885 0.214905 | 1
0.801178 0.612885 | 1
0.348511 0.482605 | 0
0.998474 0.373657 | 1
0.947968 0.220612 | 1
0.630249 0.575684 | 1
0.145538 0.929871 | 0
0.457916 0.642303 | 0
0.048645 0.655731 | 0
0.742371 0.0999756 | 1
0.650726 0.199585 | 1
0.234344 0.732117 | 0
0.994507 0.754089 | 1
0.89328 0.547638 | 1
0.891754 0.868835 | 1
0.615936 0.719879 | 0
0.731049 0.151917 | 1
0.756195 0.152771 | 1
0.404724 0.614471 | 0
0.716766 0.829956 | 0
0.886017 0.0637207 | 1
0.394745 0.603607 | 0
0.488068 0.451355 | 1
0.76178 0.578766 | 1
0.335724 0.583038 | 0
0.360321 0.749725 | 0
0.0814514 0.0956421 | 0
0.99704 0.0444641 | 1
0.396667 0.108185 | 1
0.414948 0.433899 | 0
0.269714 0.453003 | 0
0.224976 0.261322 | 0
0.641724 0.893066 | 0
0.878937 0.44931 | 1
0.411682 0.232056 | 1
0.964386 0.739349 | 1
0.341705 0.723022 | 0
0.603363 0.621429 | 0
0.894196 0.682465 | 1
0.235626 0.108795 | 1
0.531647 0.715485 | 0
0.567932 0.0151062 | 1
0.510895 0.458435 | 1
0.970825 0.889618 | 1
0.702362 0.245819 | 1
0.103546 0.266663 | 0
0.466278 0.60675 | 0
